995394
529360
97371
442211
787853
754352
683284
181220
340388
669122
860033
905506
539063
652375
876218
159656
928483
473383
9511
816923
323745
577057
218500
657928
19596
915688
680125
99041
831071
692755
968995
492916
970407
787500
483448
30158
941792
688544
478151
33795
218497
480650
724113
357122
456200
800802
384432
670745
391834
708072
167674
656047
379040
96360
200690
510033
719306
619866
348820
710411
562142
98242
903781
690018
168146
21720
658208
926086
755569
86017
390684
962589
