504262
314578
667644
648051
875021
22845
260519
556532
29847
361693
888920
202180
298252
158184
331679
659782
116532
468829
715159
650572
180156
873810
324370
372326
328304
966419
639797
823504
71725
287977
581883
555799
824502
146987
235196
743550
580936
730990
645543
693836
990743
670592
635882
437643
528850
747339
970647
840400
730545
750588
613143
749204
268369
583268
266961
54498
984067
592391
869906
185482
857062
757395
217701
481445
290365
807883
434799
85281
25450
562062
580896
490823
459577
778122
284295
642198
132187
593074
927048
531304
671428
187008
571856
568562
547504
655462
516981
612489
566485
198578
92975
435209
156361
642953
73807
573905
146544
551
865030
972258
922683
238781
452888
551348
550573
686824
950841
866035
706105
535509
463723
300692
22608
701533
904858
837321
772623
921511
347658
289343
638014
317369
470869
36053
690560
831773
665320
715493
604503
870787
410143
37662
553255
210676
597690
865317
204346
726759
588904
976179
719878
784398
914718
468287
694146
195754
704062
599278
515775
490611
115382
960743
728609
875567
276082
280427
583765
663125
493107
817885
124703
140678
787924
273267
827767
819124
130436
364349
32625
751794
98927
743408
140189
146663
76876
723508
829959
808209
512588
362778
354480
40080
213810
815662
305454
515676
127091
501702
114232
280970
560394
565282
948830
492407
347539
303841
600272
712390
24331
727444
412984
585893
688760
179165
307110
503941
851451
993631
465053
423166
247614
500120
310196
355394
277967
287041
992694
167191
473706
536122
715342
236502
139358
407576
882016
202026
117390
911566
231755
510669
439746
436644
833563
719406
484009
122475
60074
540116
135698
561953
432747
429412
373228
896974
536804
120224
638345
232443
41147
867891
332420
434717
226573
340684
787736
803515
325071
23255
102964
810453
403612
721121
303320
82700
487798
255356
388393
76852
113855
718863
964483
435960
521901
729046
323276
851794
259080
956481
25007
364721
48048
835117
271764
425219
394487
766785
615420
713859
556710
321267
834684
670753
181118
902914
137066
920736
119150
105733
194093
297221
684540
511182
901877
965486
884139
996262
174220
225232
961174
714346
521690
932683
926766
787075
647658
123971
623696
402923
801065
344555
265775
456479
165757
393374
326914
82256
137468
675905
115825
437778
942104
126828
365512
872945
682767
710877
691079
186145
567983
839557
825081
12317
769903
651750
126528
514115
88757
997851
977844
454603
358685
139896
333466
418338
320038
634295
864476
417445
504585
599068
855508
370272
532584
584153
253421
972425
104447
561161
41557
293457
884807
128057
419126
27248
423028
884630
102152
700025
231812
76171
430582
297257
154260
25683
865566
709115
189867
578976
891593
113897
21151
772443
300081
919831
585209
199828
324164
167841
168230
102207
118857
361422
666097
34469
636437
534383
850429
71974
33773
993318
707014
912611
366548
578779
172332
902392
474663
477688
883930
966776
643847
589194
881681
665280
840359
197186
549524
103549
58860
234902
471040
234889
597936
740521
287279
162381
883418
197395
91542
413044
796565
328519
373347
797111
332336
572067
32609
388336
812386
903339
525106
